99.86	4.91	55.40
99.11	4.91	54.95
98.61	4.92	54.77
98.35	4.92	54.82
98.30	4.92	55.05
98.41	4.92	55.42
98.68	4.93	55.90
99.05	4.93	56.45
99.52	4.94	57.02
100.04	4.94	57.57
100.55	4.94	57.97
101.01	4.95	58.09
101.45	4.95	58.16
101.89	4.96	58.22
102.31	4.96	58.32
102.64	4.96	58.54
102.78	4.97	59.02
102.95	4.97	59.57
103.22	4.97	60.17
103.65	4.98	60.80
104.46	4.98	61.50
105.90	4.98	62.28
107.41	4.99	62.98
108.86	4.99	63.53
110.14	5.00	63.87
110.68	5.00	63.53
110.78	5.00	62.83
110.65	5.01	62.00
110.32	5.01	61.11
109.85	5.01	60.26
109.21	5.02	59.89
108.54	5.02	59.62
107.92	5.02	59.44
107.41	5.02	59.34
107.30	5.01	59.33
107.64	5.01	59.40
108.10	5.00	59.46
108.57	4.98	59.48
109.00	4.97	59.42
108.97	4.96	58.99
108.81	4.95	58.45
108.53	4.94	57.86
108.15	4.92	57.26
107.67	4.91	56.70
107.00	4.90	56.25
106.33	4.88	55.89
105.71	4.87	55.63
105.20	4.86	55.48
105.02	4.86	55.60
105.25	4.86	55.99
105.59	4.86	56.45
105.98	4.87	56.93
106.37	4.88	57.36
106.47	4.88	57.37
106.48	4.88	57.26
106.43	4.89	57.11
106.34	4.89	56.96
106.23	4.89	56.86
105.92	4.89	57.04
105.66	4.90	57.30
105.51	4.90	57.63
105.54	4.90	58.01
105.99	4.91	58.50
107.09	4.91	59.15
108.30	4.91	59.72
109.51	4.92	60.16
110.61	4.92	60.37
111.04	4.93	59.78
111.15	4.93	58.85
111.08	4.93	57.79
110.86	4.94	56.68
110.52	4.94	55.69
110.05	4.94	55.14
109.58	4.94	54.74
109.17	4.94	54.50
108.89	4.94	54.43
109.09	4.94	54.68
109.66	4.93	55.17
110.32	4.93	55.71
110.97	4.93	56.20
111.52	4.92	56.55
111.55	4.92	56.25
111.41	4.91	55.79
111.13	4.91	55.22
110.71	4.90	54.59
110.14	4.90	53.96
109.25	4.90	53.37
108.34	4.89	52.88
107.51	4.89	52.53
106.83	4.89	52.39
106.50	4.89	52.61
106.95	4.90	53.64
107.60	4.91	54.80
108.39	4.92	55.98
109.24	4.94	57.06
110.00	4.95	57.65
110.62	4.96	57.67
111.15	4.97	57.50
111.58	4.98	57.18
111.87	4.99	56.78
111.92	5.01	56.38
111.84	5.02	55.97
111.64	5.03	55.57
111.32	5.04	55.24
110.74	5.06	55.07
110.14	5.07	54.99
109.60	5.08	54.98
109.19	5.09	55.06
109.42	5.11	55.34
109.91	5.12	55.69
110.48	5.13	56.02
111.01	5.14	56.27
111.30	5.15	56.26
111.08	5.16	55.79
110.73	5.17	55.24
110.30	5.18	54.70
109.83	5.19	54.24
109.38	5.19	54.20
108.98	5.19	54.40
108.70	5.19	54.74
108.58	5.19	55.18
108.83	5.19	55.71
109.57	5.18	56.33
110.43	5.17	56.93
111.33	5.17	57.48
112.18	5.16	57.93
112.59	5.16	57.95
112.83	5.15	57.82
112.91	5.14	57.59
112.85	5.14	57.29
112.61	5.13	56.98
112.09	5.12	56.74
111.48	5.12	56.52
110.84	5.11	56.32
110.21	5.11	56.16
109.82	5.10	56.09
109.64	5.10	56.11
109.49	5.10	56.15
109.35	5.10	56.18
109.18	5.10	56.17
108.76	5.09	55.96
108.28	5.09	55.71
107.75	5.09	55.45
107.17	5.09	55.20
106.57	5.09	54.97
105.81	5.09	54.86
105.09	5.09	54.80
104.43	5.08	54.80
103.90	5.08	54.87
103.62	5.08	55.07
103.80	5.07	55.51
104.09	5.07	55.94
104.44	5.06	56.32
104.78	5.05	56.58
104.86	5.05	56.31
104.81	5.04	55.82
104.70	5.03	55.26
104.56	5.03	54.71
104.37	5.02	54.29
104.09	5.01	54.22
103.85	5.01	54.28
103.71	5.01	54.50
103.73	5.01	54.86
104.19	5.01	55.55
104.94	5.02	56.41
105.78	5.03	57.28
106.65	5.04	58.07
107.40	5.05	58.54
107.95	5.05	58.55
108.40	5.06	58.41
108.74	5.07	58.16
108.98	5.08	57.85
109.01	5.09	57.59
108.93	5.10	57.37
108.80	5.10	57.18
108.63	5.11	57.05
108.44	5.12	57.06
108.26	5.13	57.21
108.14	5.14	57.46
108.13	5.15	57.78
108.25	5.15	58.17
108.88	5.16	58.74
109.65	5.17	59.34
110.46	5.18	59.89
111.23	5.19	60.35
111.76	5.19	60.55
111.98	5.20	60.44
112.07	5.21	60.18
112.01	5.22	59.81
111.83	5.23	59.35
111.32	5.24	58.70
110.76	5.25	58.04
110.22	5.25	57.43
109.79	5.25	56.94
109.78	5.23	56.85
110.19	5.18	57.16
110.69	5.13	57.55
111.20	5.07	57.95
111.61	5.00	58.25
111.55	4.92	58.05
111.38	4.83	57.74
111.13	4.73	57.37
110.84	4.64	56.95
110.59	4.55	56.57
110.39	4.46	56.25
110.21	4.37	55.98
110.04	4.28	55.78
109.88	4.19	55.68
109.75	4.10	55.83
109.64	4.01	56.06
109.57	3.92	56.35
109.52	3.83	56.68
109.55	3.74	57.01
109.62	3.65	57.32
109.72	3.56	57.60
109.84	3.47	57.83
109.95	3.38	57.95
110.03	3.29	57.83
110.11	3.20	57.68
110.19	3.11	57.54
110.27	3.02	57.46
110.39	2.92	57.66
110.52	2.82	57.98
110.64	2.73	58.36
110.76	2.65	58.77
110.85	2.58	59.13
110.89	2.53	59.41
110.95	2.50	59.70
111.03	2.50	59.99
111.17	2.54	60.30
111.48	2.64	60.73
111.83	2.78	61.16
112.21	2.94	61.59
112.58	3.10	61.98
112.88	3.25	62.20
113.13	3.39	62.34
113.37	3.53	62.48
113.60	3.67	62.64
113.83	3.82	62.95
114.06	3.97	63.45
114.31	4.13	63.99
114.60	4.28	64.55
114.98	4.44	65.07
115.56	4.60	65.49
116.14	4.75	65.86
116.65	4.90	66.19
117.03	5.04	66.48
116.92	5.17	66.69
116.60	5.29	66.85
116.19	5.40	67.00
115.75	5.49	67.15
115.42	5.54	67.34
115.30	5.56	67.60
115.25	5.56	67.88
115.24	5.55	68.15
115.29	5.53	68.42
115.53	5.53	68.68
115.76	5.52	68.90
115.94	5.52	69.08
115.99	5.51	69.21
115.70	5.51	69.22
115.01	5.51	69.09
114.23	5.50	68.94
113.42	5.50	68.79
112.66	5.50	68.67
112.22	5.49	68.66
111.89	5.49	68.73
111.66	5.49	68.86
111.51	5.48	69.08
111.52	5.48	69.51
111.63	5.48	70.06
111.76	5.47	70.63
111.89	5.47	71.17
111.94	5.47	71.62
111.70	5.46	71.72
111.44	5.46	71.76
111.22	5.45	71.79
111.08	5.45	71.85
111.32	5.45	72.18
111.79	5.44	72.66
112.31	5.44	73.14
112.79	5.44	73.58
113.11	5.43	73.86
113.11	5.43	73.89
112.98	5.43	73.80
112.75	5.42	73.59
112.41	5.42	73.27
111.82	5.42	72.73
111.18	5.41	72.11
110.59	5.41	71.50
110.11	5.41	70.96
110.05	5.40	70.70
110.46	5.40	70.79
110.99	5.40	70.94
111.56	5.39	71.09
112.09	5.39	71.17
112.20	5.39	70.85
112.17	5.38	70.39
112.05	5.38	69.83
111.85	5.37	69.21
111.56	5.37	68.50
111.12	5.37	67.68
110.76	5.36	66.93
110.53	5.36	66.30
110.51	5.36	65.86
111.29	5.35	66.19
112.25	5.35	66.66
113.30	5.35	67.15
114.35	5.34	67.56
115.10	5.34	67.39
115.62	5.34	66.85
115.99	5.33	66.18
116.20	5.33	65.44
116.18	5.33	64.75
115.86	5.32	64.21
115.48	5.32	63.73
115.08	5.32	63.32
114.76	5.31	63.02
114.87	5.31	62.96
115.03	5.31	62.96
115.20	5.30	62.99
115.33	5.30	63.00
115.23	5.30	62.79
115.00	5.29	62.50
114.68	5.29	62.20
114.27	5.29	61.89
113.76	5.28	61.65
113.13	5.28	61.54
112.45	5.28	61.44
111.75	5.27	61.35
111.04	5.27	61.25
110.37	5.28	61.02
109.75	5.28	60.75
109.20	5.28	60.50
108.72	5.29	60.30
108.44	5.30	60.25
108.39	5.30	60.41
108.41	5.30	60.62
108.44	5.31	60.85
108.43	5.31	61.08
108.17	5.32	61.17
107.73	5.32	61.16
107.24	5.32	61.11
106.74	5.33	61.03
106.27	5.33	60.94
105.88	5.33	60.80
105.58	5.33	60.67
105.37	5.34	60.58
105.26	5.34	60.55
105.37	5.34	60.68
105.74	5.34	61.02
106.20	5.34	61.41
106.69	5.35	61.81
107.19	5.35	62.20
107.54	5.35	62.44
107.81	5.35	62.59
108.00	5.35	62.68
108.11	5.36	62.72
108.11	5.36	62.69
107.78	5.36	62.46
107.44	5.36	62.25
107.16	5.36	62.09
107.00	5.36	62.06
107.37	5.36	62.50
108.09	5.36	63.23
108.90	5.36	64.01
109.73	5.36	64.74
110.46	5.37	65.26
110.86	5.37	65.18
111.10	5.37	64.94
111.20	5.37	64.57
111.13	5.37	64.14
110.71	5.37	63.69
110.02	5.37	63.27
109.28	5.38	62.91
108.58	5.38	62.63
108.05	5.39	62.53
108.11	5.39	62.87
108.29	5.40	63.31
108.54	5.40	63.77
108.80	5.41	64.20
108.88	5.41	64.37
108.81	5.42	64.31
108.65	5.42	64.15
108.38	5.42	63.91
108.01	5.43	63.61
107.33	5.43	63.19
106.56	5.43	62.74
105.79	5.43	62.33
105.08	5.43	62.00
104.61	5.43	61.87
104.62	5.43	62.13
104.74	5.43	62.49
104.93	5.42	62.91
105.12	5.42	63.34
105.16	5.41	63.65
104.91	5.41	63.72
104.62	5.41	63.75
104.30	5.40	63.76
104.00	5.40	63.77
103.76	5.39	63.84
103.62	5.39	63.99
103.54	5.38	64.16
103.52	5.38	64.36
103.56	5.38	64.59
103.75	5.37	64.86
104.02	5.37	65.15
104.33	5.36	65.45
104.66	5.36	65.74
104.98	5.35	66.00
105.21	5.35	66.22
105.43	5.35	66.40
105.65	5.34	66.54
105.87	5.34	66.63
106.12	5.33	66.59
106.38	5.33	66.48
106.65	5.33	66.35
106.94	5.32	66.22
107.26	5.32	66.17
107.62	5.31	66.25
107.98	5.31	66.35
108.33	5.30	66.43
108.65	5.30	66.47
108.93	5.30	66.34
109.17	5.30	66.13
109.32	5.30	65.89
109.38	5.30	65.63
109.23	5.31	65.35
108.75	5.32	65.04
108.27	5.34	64.80
107.85	5.36	64.66
107.58	5.37	64.67
108.01	5.39	65.18
108.68	5.40	65.87
109.47	5.42	66.62
110.27	5.43	67.37
110.95	5.45	67.97
111.30	5.46	68.24
111.55	5.48	68.41
111.70	5.49	68.49
111.77	5.51	68.48
111.64	5.52	68.33
111.40	5.54	68.11
111.17	5.55	67.92
111.01	5.57	67.80
111.04	5.58	67.86
111.68	5.60	68.44
112.40	5.61	69.12
113.10	5.63	69.85
113.70	5.64	70.57
113.82	5.66	71.06
113.32	5.67	71.25
112.70	5.68	71.38
112.06	5.70	71.50
111.48	5.71	71.64
111.28	5.71	71.93
111.33	5.71	72.32
111.56	5.71	72.77
111.99	5.71	73.29
112.74	5.70	73.94
113.80	5.70	74.71
114.94	5.69	75.48
116.07	5.68	76.18
117.07	5.68	76.71
117.82	5.67	76.94
118.35	5.66	77.08
118.61	5.66	77.14
118.38	5.65	77.18
117.12	5.64	77.29
115.83	5.64	77.38
114.81	5.63	77.45
114.39	5.62	77.49
116.80	5.62	77.48
119.58	5.61	77.45
122.27	5.61	77.42
124.42	5.61	77.41
123.71	5.62	77.52
121.66	5.62	77.67
119.25	5.63	77.78
116.85	5.64	77.82
115.73	5.65	77.63
115.60	5.66	77.26
115.83	5.67	76.83
116.28	5.67	76.36
116.80	5.68	76.00
117.29	5.69	75.70
117.71	5.70	75.39
117.98	5.71	75.05
117.70	5.72	74.53
116.90	5.72	73.86
116.01	5.73	73.24
115.15	5.74	72.73
114.69	5.75	72.59
114.79	5.76	72.89
115.00	5.77	73.30
115.23	5.77	73.72
115.29	5.78	73.95
115.08	5.79	73.85
114.71	5.80	73.64
114.18	5.81	73.35
113.45	5.82	73.01
112.20	5.82	72.57
110.90	5.83	72.16
109.66	5.83	71.84
108.59	5.83	71.66
108.21	5.83	71.96
108.16	5.83	72.44
108.29	5.83	72.98
108.55	5.83	73.50
108.86	5.83	73.79
109.19	5.83	73.94
109.47	5.82	73.99
109.64	5.82	73.94
109.47	5.82	73.72
109.07	5.82	73.39
108.53	5.82	73.00
107.90	5.82	72.59
107.11	5.82	72.17
106.20	5.82	71.76
105.36	5.82	71.44
104.69	5.82	71.25
104.39	5.82	71.32
104.82	5.82	71.89
105.45	5.82	72.54
106.20	5.83	73.16
106.91	5.83	73.57
107.35	5.83	73.37
107.70	5.83	73.02
107.95	5.83	72.59
108.08	5.84	72.14
108.01	5.84	71.94
107.81	5.84	71.82
107.51	5.84	71.75
107.11	5.84	71.71
106.57	5.85	71.64
105.90	5.85	71.55
105.24	5.85	71.50
104.68	5.85	71.51
104.28	5.85	71.63
104.17	5.85	71.93
104.29	5.86	72.29
104.63	5.86	72.68
105.30	5.86	73.07
106.56	5.86	73.43
107.93	5.86	73.74
109.27	5.86	73.96
110.41	5.86	74.06
110.85	5.87	73.85
111.03	5.87	73.56
110.96	5.87	73.21
110.67	5.87	72.86
110.00	5.87	72.57
109.21	5.87	72.35
108.43	5.88	72.22
107.75	5.88	72.22
107.50	5.88	72.55
107.51	5.88	73.04
107.70	5.88	73.56
108.07	5.89	74.06
108.79	5.89	74.33
109.61	5.89	74.47
110.42	5.89	74.52
111.09	5.90	74.47
111.23	5.90	74.26
111.04	5.90	73.95
110.66	5.90	73.62
110.11	5.90	73.31
109.39	5.91	73.14
108.53	5.91	73.15
107.68	5.91	73.20
106.91	5.91	73.27
106.34	5.91	73.35
106.31	5.91	73.38
106.41	5.91	73.39
106.59	5.92	73.38
106.77	5.92	73.32
106.73	5.92	73.19
106.65	5.92	73.01
106.53	5.92	72.80
106.38	5.92	72.56
106.30	5.92	72.22
106.23	5.92	71.84
106.09	5.92	71.49
105.83	5.92	71.20
105.43	5.92	71.02
104.33	5.93	71.12
103.19	5.93	71.34
102.13	5.93	71.66
101.27	5.93	72.08
101.12	5.93	72.69
101.54	5.93	73.39
102.18	5.93	74.06
102.95	5.93	74.61
103.68	5.93	74.82
104.28	5.93	74.58
104.83	5.94	74.19
105.30	5.94	73.73
105.65	5.94	73.26
105.66	5.94	72.99
105.60	5.94	72.77
105.51	5.94	72.61
105.45	5.94	72.50
105.47	5.94	72.40
105.63	5.95	72.37
105.97	5.95	72.47
106.56	5.95	72.73
107.81	5.95	73.54
109.49	5.95	74.64
111.21	5.95	75.69
112.84	5.96	76.53
113.90	5.96	76.55
114.37	5.96	75.78
114.55	5.96	74.79
114.49	5.96	73.73
114.16	5.96	72.96
113.59	5.96	72.78
112.93	5.97	72.74
112.28	5.97	72.79
111.71	5.97	72.90
111.62	5.97	72.90
111.71	5.97	72.88
111.91	5.97	72.86
112.17	5.97	72.85
112.49	5.97	72.87
112.81	5.97	72.90
113.08	5.98	72.92
113.26	5.98	72.90
113.26	5.98	72.83
112.92	5.98	72.69
112.42	5.98	72.48
111.79	5.98	72.19
111.04	5.98	71.83
110.13	5.98	71.23
109.08	5.98	70.42
108.04	5.99	69.64
107.07	5.99	68.98
106.23	5.99	68.52
105.83	5.99	68.77
105.61	5.99	69.25
105.54	6.00	69.87
105.60	6.00	70.56
105.81	6.00	71.19
106.12	6.00	71.74
106.44	6.01	72.20
106.72	6.01	72.53
106.87	6.01	72.64
106.71	6.01	72.33
106.44	6.01	71.86
106.08	6.02	71.30
105.65	6.02	70.69
105.08	6.02	70.02
104.43	6.02	69.38
103.83	6.02	68.86
103.33	6.03	68.54
103.00	6.03	68.52
103.09	6.03	69.40
103.37	6.03	70.46
103.84	6.03	71.58
104.47	6.04	72.63
105.41	6.04	73.06
106.46	6.04	73.22
107.51	6.04	73.23
108.47	6.04	73.13
109.11	6.05	73.02
109.43	6.05	72.90
109.56	6.05	72.73
109.52	6.05	72.51
109.26	6.05	72.19
108.75	6.06	71.74
108.18	6.06	71.30
107.62	6.06	70.92
107.14	6.06	70.66
106.93	6.07	70.67
106.89	6.07	70.83
107.05	6.07	71.14
107.41	6.08	71.59
108.47	6.08	72.50
109.62	6.08	73.44
110.71	6.09	74.28
111.60	6.09	74.90
111.63	6.09	74.51
111.24	6.09	73.77
110.57	6.10	72.90
109.65	6.10	72.06
108.48	6.10	71.65
107.12	6.11	71.75
105.75	6.11	72.04
104.47	6.11	72.47
103.37	6.12	73.00
102.97	6.12	73.59
102.82	6.12	74.22
102.87	6.12	74.87
103.10	6.12	75.50
103.49	6.12	76.07
103.98	6.12	76.56
104.51	6.12	76.97
105.01	6.11	77.26
105.29	6.11	77.36
105.39	6.11	77.27
105.44	6.11	77.07
105.46	6.11	76.77
105.50	6.11	76.38
105.58	6.11	75.89
105.72	6.11	75.37
105.97	6.11	74.86
106.33	6.11	74.39
107.13	6.11	74.05
108.22	6.11	73.83
109.27	6.11	73.70
110.18	6.11	73.66
110.70	6.11	73.72
110.36	6.11	73.94
109.81	6.11	74.20
109.15	6.11	74.48
108.53	6.11	74.73
108.40	6.12	74.82
108.36	6.12	74.87
108.38	6.12	74.88
108.43	6.12	74.88
108.45	6.12	74.95
108.43	6.12	75.04
108.35	6.12	75.07
108.19	6.12	75.02
107.91	6.12	74.83
107.30	6.12	74.14
106.62	6.12	73.41
105.89	6.12	72.72
105.17	6.12	72.17
104.45	6.12	72.05
103.80	6.12	72.31
103.31	6.12	72.79
103.04	6.12	73.45
103.17	6.12	74.36
103.87	6.12	75.54
104.78	6.12	76.72
105.82	6.12	77.78
106.90	6.12	78.55
107.77	6.12	78.45
108.60	6.12	78.08
109.41	6.12	77.52
110.19	6.12	76.85
111.00	6.12	76.26
111.78	6.12	75.74
112.46	6.12	75.28
113.01	6.12	74.90
113.23	6.12	74.68
113.01	6.12	74.70
112.75	6.12	74.83
112.57	6.12	75.06
112.64	6.12	75.39
113.55	6.13	75.90
114.62	6.13	76.42
115.72	6.13	76.89
116.71	6.13	77.25
117.14	6.13	77.25
117.38	6.13	77.10
117.44	6.13	76.83
117.35	6.14	76.46
117.15	6.14	75.97
116.84	6.14	75.40
116.41	6.14	74.81
115.85	6.14	74.24
115.15	6.14	73.70
114.06	6.14	73.24
112.95	6.14	72.88
111.93	6.14	72.68
111.07	6.14	72.66
110.66	6.14	73.03
110.66	6.14	73.72
110.95	6.14	74.54
111.51	6.14	75.42
112.48	6.14	76.30
113.86	6.14	77.09
115.36	6.14	77.82
116.85	6.14	78.43
118.20	6.14	78.89
118.96	6.14	78.99
119.49	6.14	78.93
119.80	6.14	78.76
119.88	6.14	78.50
119.62	6.14	78.14
119.07	6.14	77.74
118.43	6.13	77.36
117.76	6.13	77.06
117.16	6.13	76.92
116.81	6.13	77.22
116.61	6.13	77.63
116.57	6.13	78.12
116.73	6.13	78.64
117.46	6.13	79.14
118.34	6.13	79.57
119.23	6.13	79.91
120.02	6.13	80.10
120.28	6.14	79.90
120.21	6.14	79.46
119.92	6.14	78.89
119.46	6.14	78.25
118.83	6.14	77.58
118.02	6.14	76.94
117.15	6.14	76.36
116.26	6.14	75.88
115.40	6.14	75.53
114.64	6.14	75.56
114.00	6.14	75.78
113.54	6.14	76.12
113.28	6.14	76.54
113.57	6.15	77.04
114.16	6.15	77.56
114.85	6.15	78.03
115.51	6.15	78.40
115.82	6.15	78.48
115.81	6.15	78.28
115.65	6.15	77.97
115.36	6.16	77.55
114.98	6.16	77.08
114.55	6.16	76.60
114.05	6.16	76.12
113.49	6.16	75.66
112.86	6.16	75.25
112.07	6.16	74.92
111.18	6.16	74.69
110.37	6.16	74.58
109.72	6.16	74.61
109.38	6.16	74.83
109.67	6.16	75.40
110.16	6.16	76.06
110.80	6.16	76.75
111.50	6.16	77.39
112.07	6.16	77.75
112.63	6.16	78.01
113.14	6.16	78.18
113.59	6.16	78.25
113.90	6.16	78.17
114.10	6.16	77.98
114.19	6.16	77.75
114.18	6.16	77.51
114.06	6.16	77.30
113.58	6.16	77.12
113.10	6.16	77.04
112.70	6.16	77.10
112.48	6.16	77.34
112.75	6.16	78.03
113.35	6.16	78.96
114.18	6.16	79.98
115.23	6.16	81.01
116.73	6.16	82.00
118.39	6.16	82.85
119.97	6.16	83.46
121.31	6.16	83.75
121.76	6.16	83.15
121.70	6.16	82.07
121.35	6.16	80.79
120.79	6.16	79.44
120.22	6.16	78.40
119.66	6.16	77.66
119.03	6.16	77.06
118.37	6.16	76.60
117.67	6.16	76.26
116.90	6.16	76.17
116.15	6.16	76.18
115.49	6.16	76.25
114.93	6.16	76.35
114.72	6.16	76.41
114.73	6.16	76.44
114.80	6.16	76.43
114.89	6.15	76.37
114.85	6.15	76.22
114.68	6.15	75.98
114.43	6.15	75.67
114.09	6.15	75.29
113.66	6.15	74.86
112.94	6.15	74.15
112.16	6.15	73.45
111.39	6.15	72.84
110.67	6.15	72.41
110.04	6.15	72.39
109.55	6.15	72.81
109.29	6.15	73.46
109.31	6.15	74.28
109.88	6.16	75.32
111.24	6.16	76.60
112.79	6.16	77.84
114.34	6.16	78.95
115.65	6.16	79.70
116.25	6.17	79.70
116.59	6.17	79.43
116.68	6.17	78.97
116.55	6.17	78.40
116.04	6.17	77.89
115.40	6.18	77.39
114.71	6.18	76.94
114.04	6.18	76.59
113.55	6.18	76.43
113.25	6.18	76.46
113.16	6.18	76.67
113.30	6.18	77.07
114.03	6.18	77.91
115.20	6.18	79.08
116.44	6.18	80.20
117.58	6.17	81.15
118.18	6.17	81.38
118.20	6.17	80.88
117.96	6.17	80.11
117.50	6.17	79.17
116.88	6.17	78.23
116.15	6.17	77.51
115.33	6.16	76.85
114.49	6.16	76.29
113.66	6.16	75.85
112.90	6.16	75.67
112.23	6.16	75.69
111.72	6.16	75.81
111.41	6.16	76.03
111.55	6.16	76.38
112.18	6.16	76.84
112.90	6.16	77.24
113.58	6.16	77.51
113.97	6.16	77.43
113.81	6.16	76.80
113.45	6.16	76.00
112.92	6.16	75.10
112.25	6.16	74.18
111.43	6.16	73.43
110.55	6.16	72.79
109.67	6.16	72.28
108.83	6.16	71.95
108.09	6.16	71.90
107.51	6.16	72.24
107.11	6.16	72.77
106.95	6.16	73.45
107.05	6.16	74.23
107.92	6.16	75.24
108.99	6.16	76.22
110.15	6.15	77.11
111.26	6.15	77.79
111.92	6.15	77.78
112.34	6.15	77.42
112.60	6.15	76.92
112.72	6.15	76.35
112.63	6.15	75.90
112.37	6.15	75.62
112.06	6.15	75.45
111.76	6.14	75.39
111.51	6.14	75.49
111.40	6.14	75.89
111.44	6.14	76.41
111.67	6.14	77.01
112.13	6.14	77.65
113.28	6.14	78.30
114.58	6.14	78.92
115.91	6.14	79.44
117.13	6.14	79.82
117.76	6.14	79.85
118.14	6.14	79.71
118.31	6.14	79.42
118.27	6.14	79.01
117.99	6.14	78.44
117.53	6.14	77.79
116.97	6.14	77.13
116.32	6.14	76.51
115.63	6.14	75.98
114.94	6.14	75.58
114.30	6.14	75.34
113.78	6.14	75.30
113.53	6.14	75.68
113.58	6.14	76.51
113.77	6.14	77.41
114.06	6.14	78.24
114.41	6.14	78.68
114.79	6.14	78.53
115.16	6.15	78.19
115.47	6.15	77.69
115.65	6.15	77.12
115.61	6.15	76.66
115.41	6.15	76.16
115.07	6.15	75.63
114.56	6.15	75.07
113.73	6.15	74.36
112.67	6.15	73.59
111.57	6.15	72.89
110.50	6.15	72.31
109.55	6.15	71.95
108.86	6.15	72.00
108.37	6.15	72.25
108.13	6.15	72.68
108.19	6.15	73.27
108.99	6.14	74.19
109.98	6.14	75.15
111.05	6.14	76.05
112.07	6.14	76.80
112.58	6.14	76.95
112.87	6.14	76.83
112.98	6.14	76.51
112.94	6.13	76.02
112.71	6.13	75.34
112.33	6.13	74.54
111.85	6.13	73.75
111.33	6.13	73.04
110.75	6.13	72.55
110.04	6.13	72.54
109.46	6.12	72.72
109.08	6.12	73.06
109.01	6.12	73.53
109.98	6.12	74.31
111.17	6.12	75.08
112.43	6.12	75.75
113.59	6.12	76.20
114.00	6.12	75.84
114.13	6.12	75.20
114.04	6.12	74.39
113.75	6.12	73.50
113.24	6.12	72.76
112.58	6.12	72.14
111.84	6.12	71.61
111.07	6.12	71.20
110.30	6.12	70.96
109.55	6.12	70.98
108.95	6.12	71.15
108.57	6.12	71.44
108.51	6.12	71.85
109.33	6.12	72.55
110.36	6.12	73.24
111.44	6.12	73.83
112.45	6.12	74.23
112.84	6.12	73.86
113.00	6.12	73.25
112.94	6.12	72.52
112.66	6.12	71.74
112.01	6.12	71.11
111.12	6.12	70.65
110.16	6.12	70.30
109.22	6.12	70.11
108.43	6.12	70.15
107.94	6.12	70.54
107.64	6.12	71.07
107.54	6.12	71.69
107.71	6.12	72.37
108.39	6.12	73.10
109.23	6.12	73.77
110.12	6.12	74.32
110.99	6.12	74.68
111.48	6.13	74.43
111.80	6.13	73.92
111.97	6.13	73.28
112.01	6.13	72.58
111.83	6.13	71.91
111.38	6.13	71.37
110.91	6.13	70.94
110.49	6.13	70.69
110.21	6.13	70.68
110.38	6.13	71.28
110.73	6.13	72.05
111.23	6.13	72.92
111.89	6.13	73.80
112.87	6.13	74.52
113.90	6.13	75.12
114.89	6.13	75.57
115.76	6.14	75.83
116.16	6.14	75.59
116.25	6.14	75.06
116.15	6.14	74.40
115.87	6.14	73.69
115.42	6.14	73.02
114.81	6.14	72.52
114.13	6.14	72.11
113.42	6.14	71.82
112.73	6.14	71.65
112.07	6.14	71.78
111.53	6.14	72.06
111.16	6.14	72.45
111.03	6.14	72.91
111.57	6.14	73.48
112.50	6.14	74.08
113.52	6.14	74.61
114.50	6.14	75.00
115.02	6.14	75.02
115.04	6.14	74.66
114.87	6.14	74.15
114.56	6.14	73.53
114.15	6.14	72.87
113.70	6.14	72.22
113.24	6.14	71.62
112.80	6.14	71.16
112.42	6.14	70.87
112.12	6.14	71.01
111.95	6.14	71.55
111.97	6.14	72.24
112.25	6.14	73.05
113.03	6.14	73.92
114.44	6.14	74.81
115.96	6.14	75.60
117.44	6.14	76.22
118.55	6.14	76.45
118.90	6.14	76.01
118.97	6.14	75.36
118.82	6.14	74.56
118.49	6.14	73.72
118.08	6.14	73.12
117.58	6.14	72.62
117.03	6.14	72.21
116.46	6.14	71.90
115.91	6.14	71.73
115.43	6.14	71.81
115.01	6.14	71.97
114.69	6.14	72.18
114.48	6.14	72.42
114.56	6.14	72.56
114.78	6.14	72.67
115.08	6.14	72.78
115.40	6.14	72.90
115.68	6.14	73.15
115.92	6.14	73.45
116.09	6.14	73.69
116.18	6.14	73.83
116.16	6.14	73.71
115.98	6.14	73.18
115.67	6.14	72.52
115.22	6.14	71.78
114.62	6.14	71.00
113.69	6.14	70.23
112.54	6.14	69.51
111.36	6.14	68.94
110.23	6.14	68.58
109.24	6.14	68.55
108.55	6.14	69.23
108.10	6.15	70.12
107.92	6.15	71.16
108.06	6.15	72.26
109.03	6.15	73.26
110.27	6.15	74.17
111.59	6.15	74.93
112.86	6.15	75.50
113.62	6.15	75.50
113.95	6.15	75.10
114.03	6.15	74.58
113.89	6.15	74.03
113.50	6.16	73.58
112.53	6.16	73.65
111.51	6.16	73.86
110.56	6.16	74.19
109.82	6.16	74.63
109.77	6.17	75.21
110.45	6.17	75.89
111.37	6.17	76.58
112.44	6.18	77.24
113.52	6.18	77.78
114.47	6.18	78.12
115.34	6.19	78.36
116.07	6.19	78.49
116.61	6.20	78.52
116.69	6.20	78.43
116.54	6.20	78.25
116.16	6.21	78.00
115.57	6.21	77.68
114.66	6.21	77.20
113.41	6.22	76.57
112.15	6.22	76.00
111.00	6.22	75.59
110.09	6.22	75.41
109.86	6.19	76.05
109.98	6.17	76.90
110.44	6.13	77.87
111.25	6.10	78.86
112.91	6.06	79.62
114.82	6.01	80.25
116.69	5.97	80.75
118.32	5.92	81.10
118.88	5.88	81.22
118.61	5.84	81.11
117.92	5.79	80.83
116.91	5.75	80.39
115.68	5.70	79.78
114.38	5.66	78.80
112.99	5.61	77.75
111.58	5.57	76.71
110.19	5.53	75.77
109.01	5.49	75.21
108.11	5.46	75.13
107.31	5.43	75.18
106.58	5.41	75.29
105.90	5.39	75.39
105.10	5.38	75.15
104.32	5.37	74.78
103.63	5.36	74.40
103.09	5.36	74.04
102.87	5.35	73.82
103.04	5.35	73.81
103.34	5.34	73.85
103.71	5.33	73.94
104.09	5.33	74.05
104.28	5.32	74.12
104.33	5.31	74.17
104.30	5.31	74.19
104.17	5.30	74.16
103.96	5.29	74.07
103.41	5.29	73.80
102.71	5.28	73.42
102.06	5.28	73.03
101.55	5.27	72.63
101.34	5.26	72.29
101.93	5.25	72.17
102.71	5.24	72.07
103.58	5.23	71.96
104.45	5.22	71.80
104.99	5.20	71.41
105.31	5.19	70.89
105.49	5.18	70.32
105.51	5.16	69.73
105.37	5.15	69.14
104.81	5.14	68.60
104.09	5.12	68.11
103.34	5.11	67.69
102.62	5.10	67.35
102.03	5.08	67.12
101.82	5.07	67.12
101.78	5.07	67.20
101.94	5.06	67.35
102.29	5.05	67.53
103.09	5.05	67.77
104.13	5.05	68.01
105.22	5.04	68.18
106.27	5.04	68.23
107.10	5.04	68.06
107.33	5.04	67.41
107.36	5.04	66.61
107.22	5.03	65.73
106.93	5.03	64.81
106.51	5.03	63.94
105.91	5.03	63.26
105.29	5.02	62.67
104.69	5.02	62.18
104.18	5.02	61.81
103.84	5.02	61.60
103.94	5.01	61.75
104.18	5.01	61.97
104.53	5.01	62.23
104.96	5.00	62.47
105.47	5.00	62.55
106.01	5.00	62.48
106.55	4.99	62.31
107.06	4.99	62.03
107.49	4.98	61.61
107.71	4.98	60.87
107.83	4.97	60.03
107.84	4.97	59.15
107.75	4.96	58.25
107.53	4.96	57.40
107.06	4.95	56.78
106.53	4.95	56.23
105.97	4.94	55.76
105.42	4.94	55.36
104.94	4.93	55.05
104.74	4.94	54.89
104.60	4.94	54.77
104.50	4.95	54.67
104.42	4.95	54.56
104.33	4.96	54.34
104.21	4.96	54.04
104.09	4.97	53.68
103.95	4.97	53.29
103.79	4.97	52.85
103.58	4.98	52.31
103.34	4.98	51.69
103.07	4.99	51.08
102.76	4.99	50.50
102.42	5.00	49.97
102.05	5.00	49.54
101.49	5.00	49.34
100.93	5.01	49.25
100.41	5.01	49.28
99.98	5.01	49.43
99.67	5.00	49.70
99.74	4.98	50.31
99.96	4.96	51.01
100.26	4.93	51.70
100.62	4.90	52.33
100.98	4.87	52.75
101.24	4.84	52.67
101.49	4.81	52.44
101.73	4.78	52.11
101.94	4.75	51.69
102.12	4.73	51.24
102.25	4.70	50.91
102.34	4.67	50.59
102.41	4.64	50.30
102.44	4.61	50.03
102.44	4.58	49.81
102.35	4.55	49.65
102.17	4.51	49.57
102.00	4.48	49.55
101.85	4.45	49.60
101.77	4.43	49.71
101.79	4.41	49.92
102.05	4.42	50.30
102.39	4.44	50.73
102.80	4.46	51.16
103.25	4.48	51.59
103.73	4.50	51.94
104.23	4.52	52.18
104.72	4.54	52.35
105.21	4.56	52.45
105.67	4.58	52.46
106.08	4.60	52.35
106.41	4.62	52.05
106.68	4.63	51.67
106.89	4.65	51.24
107.03	4.67	50.78
107.11	4.68	50.30
107.02	4.70	49.81
106.85	4.72	49.34
106.64	4.73	48.93
106.42	4.75	48.63
106.20	4.76	48.46
106.04	4.78	48.60
105.95	4.80	49.07
105.91	4.82	49.62
105.94	4.83	50.23
106.05	4.85	50.83
106.40	4.87	51.29
106.90	4.89	51.61
107.44	4.91	51.84
107.97	4.93	51.97
108.45	4.94	52.00
108.71	4.96	51.77
108.72	4.98	51.32
108.64	5.00	50.79
108.49	5.01	50.24
108.29	5.03	49.71
108.06	5.04	49.24
107.79	5.05	49.03
107.54	5.06	48.94
107.32	5.06	48.95
107.17	5.07	49.08
107.09	5.07	49.33
107.23	5.07	49.86
107.51	5.07	50.53
107.88	5.06	51.24
108.33	5.06	51.96
108.87	5.05	52.65
109.56	5.05	53.11
110.29	5.04	53.48
111.03	5.04	53.75
111.76	5.03	53.92
112.45	5.03	54.00
112.93	5.02	53.85
113.34	5.02	53.61
113.67	5.01	53.31
113.91	5.01	52.97
114.07	5.00	52.62
114.09	5.00	52.27
114.02	4.99	51.95
113.89	4.99	51.70
113.73	4.98	51.53
113.57	4.98	51.47
113.41	4.97	51.70
113.28	4.97	52.19
113.21	4.97	52.75
113.20	4.97	53.33
113.28	4.98	53.90
113.62	4.98	54.31
114.12	4.98	54.58
114.67	4.98	54.76
115.24	4.99	54.84
115.79	4.99	54.82
116.16	4.99	54.55
116.42	4.99	54.16
116.61	4.99	53.70
116.70	5.00	53.22
116.70	5.00	52.73
116.57	5.00	52.31
116.26	5.00	52.02
115.88	5.00	51.80
115.42	5.01	51.65
114.92	5.01	51.58
114.38	5.01	51.61
113.81	5.01	51.81
113.23	5.01	52.14
112.67	5.01	52.53
112.17	5.01	52.98
111.72	5.01	53.45
111.45	5.01	53.98
111.33	5.00	54.51
111.27	5.00	55.01
111.27	5.00	55.44
111.31	4.99	55.78
111.35	4.99	55.81
111.40	4.99	55.71
111.48	4.98	55.52
111.57	4.98	55.27
111.66	4.98	54.97
111.84	4.97	54.72
112.03	4.97	54.49
112.19	4.97	54.25
112.29	4.96	54.02
112.31	4.96	53.79
112.20	4.96	53.56
111.67	4.95	53.31
111.07	4.95	53.09
110.43	4.95	52.89
109.82	4.94	52.75
109.27	4.94	52.65
109.12	4.94	52.79
109.07	4.94	52.96
109.06	4.94	53.14
109.05	4.94	53.28
109.02	4.94	53.35
108.72	4.94	53.04
108.35	4.94	52.63
107.94	4.93	52.16
107.50	4.93	51.67
107.04	4.93	51.19
106.56	4.93	50.80
106.08	4.93	50.53
105.64	4.93	50.33
105.26	4.93	50.21
104.95	4.93	50.18
104.77	4.93	50.28
104.83	4.94	50.64
104.99	4.94	51.06
105.23	4.94	51.52
105.55	4.94	51.97
105.94	4.95	52.34
106.40	4.95	52.56
106.88	4.95	52.71
107.36	4.96	52.79
107.81	4.96	52.80
108.19	4.96	52.69
108.39	4.96	52.39
108.52	4.97	52.03
108.59	4.97	51.66
108.61	4.97	51.30
108.57	4.97	50.98
108.40	4.98	50.83
108.20	4.98	50.76
108.02	4.98	50.78
107.88	4.98	50.89
107.82	4.98	51.11
108.00	4.98	51.54
108.26	4.99	52.05
108.60	4.99	52.61
109.01	4.99	53.20
109.53	4.99	53.84
110.14	4.99	54.50
110.75	4.99	55.07
111.31	4.99	55.50
111.80	5.00	55.73
112.01	5.00	55.29
112.07	5.00	54.55
112.02	5.00	53.70
111.89	5.00	52.80
111.68	5.00	51.95
111.37	5.00	51.56
111.02	5.01	51.34
110.66	5.01	51.23
110.31	5.01	51.23
110.00	5.01	51.31
109.82	5.02	51.44
109.71	5.02	51.64
109.68	5.02	51.90
109.72	5.02	52.23
109.88	5.03	52.64
110.25	5.03	53.19
110.66	5.03	53.75
111.07	5.03	54.26
111.45	5.04	54.68
111.68	5.04	54.85
111.69	5.04	54.66
111.61	5.05	54.35
111.45	5.05	53.95
111.22	5.05	53.51
110.93	5.05	53.08
110.52	5.05	52.79
110.10	5.06	52.53
109.67	5.06	52.29
109.26	5.06	52.08
108.90	5.06	51.89
108.59	5.06	51.63
108.38	5.06	51.44
108.30	5.06	51.33
108.36	5.06	51.33
108.70	5.06	51.57
109.50	5.06	52.24
110.40	5.06	52.98
111.32	5.06	53.69
112.18	5.06	54.30
112.90	5.06	54.73
113.42	5.06	54.90
113.64	5.06	54.74
113.49	5.06	54.15
112.90	5.06	53.07