114.51	4.65	47.83
115.75	4.64	49.39
116.74	4.64	50.50
117.50	4.64	51.22
118.05	4.63	51.60
118.41	4.62	51.68
118.60	4.62	51.53
118.65	4.61	51.18
118.58	4.60	50.69
118.41	4.60	50.10
118.11	4.59	49.49
117.71	4.59	48.89
117.31	4.58	48.34
116.99	4.58	47.89
116.79	4.58	47.57
117.22	4.58	47.80
117.91	4.58	48.28
118.62	4.58	48.83
119.25	4.59	49.35
119.70	4.59	49.77
119.13	4.59	49.52
118.20	4.59	49.01
117.18	4.60	48.45
116.21	4.60	47.90
115.39	4.60	47.43
115.51	4.60	47.56
115.86	4.61	47.81
116.31	4.61	48.09
116.80	4.61	48.33
117.08	4.62	48.33
117.06	4.62	47.99
116.95	4.62	47.56
116.79	4.62	47.07
116.58	4.63	46.55
116.31	4.63	46.07
116.01	4.63	45.64
115.75	4.63	45.29
115.59	4.64	45.02
115.54	4.64	44.86
116.10	4.64	45.07
116.78	4.65	45.41
117.48	4.65	45.82
118.11	4.65	46.25
118.57	4.65	46.65
118.08	4.66	46.73
117.43	4.66	46.77
116.73	4.66	46.80
116.08	4.66	46.87
115.70	4.66	47.03
116.04	4.66	47.46
116.52	4.66	47.93
117.06	4.66	48.39
117.59	4.66	48.82
117.78	4.66	49.05
117.66	4.66	49.10
117.48	4.66	49.09
117.26	4.66	49.03
117.04	4.66	48.94
116.98	4.66	48.90
117.08	4.66	48.92
117.23	4.66	48.91
117.42	4.66	48.88
117.64	4.66	48.80
117.97	4.66	48.62
118.31	4.66	48.35
118.62	4.66	48.05
118.84	4.66	47.70
118.95	4.66	47.33
118.51	4.66	46.82
117.86	4.66	46.30
117.20	4.66	45.83
116.62	4.66	45.47
116.23	4.66	45.26
116.76	4.66	45.69
117.56	4.66	46.29
118.42	4.66	46.92
119.22	4.66	47.48
119.78	4.66	47.80
119.48	4.66	47.29
118.99	4.66	46.64
118.37	4.66	45.92
117.70	4.66	45.23
117.07	4.66	44.74
116.64	4.66	44.70
116.29	4.66	44.80
116.06	4.66	45.03
115.97	4.65	45.40
116.32	4.65	45.99
116.93	4.65	46.72
117.56	4.65	47.44
118.12	4.65	48.10
118.53	4.65	48.63
118.03	4.65	48.49
117.26	4.65	48.14
116.46	4.65	47.76
115.74	4.65	47.41
115.30	4.64	47.25
115.83	4.64	47.78
116.52	4.64	48.41
117.26	4.64	49.06
117.94	4.64	49.67
118.09	4.64	49.94
117.80	4.64	49.90
117.38	4.64	49.75
116.88	4.64	49.50
116.35	4.64	49.17
115.96	4.64	48.80
115.65	4.63	48.42
115.42	4.63	48.04
115.29	4.63	47.69
115.42	4.63	47.51
115.83	4.63	47.51
116.28	4.62	47.53
116.72	4.62	47.54
117.07	4.62	47.50
116.92	4.61	47.13
116.58	4.61	46.64
116.16	4.60	46.14
115.73	4.60	45.66
115.33	4.60	45.27
115.12	4.60	45.17
115.02	4.60	45.18
115.03	4.60	45.28
115.18	4.61	45.47
115.71	4.61	45.85
116.51	4.62	46.35
117.34	4.62	46.83
118.09	4.63	47.21
118.67	4.63	47.42
118.36	4.64	46.83
117.90	4.64	46.13
117.42	4.65	45.44
117.03	4.65	44.89
117.12	4.66	44.94
117.75	4.67	45.62
118.51	4.67	46.46
119.34	4.68	47.35
120.16	4.69	48.18
120.70	4.69	48.50
121.14	4.70	48.68
121.48	4.71	48.76
121.70	4.71	48.75
121.74	4.72	48.63
121.61	4.73	48.44
121.35	4.73	48.24
120.97	4.74	48.08
120.48	4.75	47.99
119.67	4.75	48.16
118.77	4.75	48.47
117.91	4.76	48.87
117.19	4.76	49.36
116.79	4.76	49.96
117.04	4.75	50.77
117.45	4.74	51.52
117.93	4.74	52.15
118.41	4.73	52.54
118.60	4.72	52.19
118.68	4.71	51.60
118.66	4.69	50.85
118.51	4.68	49.99
118.12	4.67	49.15
117.52	4.66	48.37
116.85	4.64	47.69
116.15	4.63	47.14
115.47	4.62	46.78
114.96	4.62	47.05
114.54	4.61	47.54
114.19	4.61	48.11
113.91	4.61	48.68
113.80	4.61	48.95
113.84	4.61	48.88
113.90	4.61	48.72
113.92	4.62	48.52
113.86	4.62	48.30
113.32	4.63	48.11
112.51	4.63	47.98
111.72	4.63	47.97
111.01	4.64	48.12
110.49	4.64	48.46
110.70	4.64	49.58
111.22	4.64	50.91
111.86	4.64	52.22
112.54	4.64	53.35
113.09	4.64	53.85
113.40	4.64	53.47
113.62	4.65	52.81
113.75	4.65	51.99
113.77	4.65	51.11
113.50	4.65	50.51
113.12	4.65	50.06
112.78	4.66	49.70
112.53	4.66	49.44
112.59	4.67	49.36
113.22	4.67	49.58
113.96	4.68	49.83
114.73	4.68	50.02
115.44	4.69	50.10
115.74	4.69	49.55
115.88	4.70	48.83
115.87	4.70	48.04
115.71	4.71	47.25
115.30	4.71	46.55
114.55	4.71	46.06
113.77	4.72	45.72
113.08	4.72	45.56
112.55	4.72	45.62
112.73	4.72	46.29
113.32	4.73	47.29
114.03	4.73	48.32
114.76	4.73	49.28
115.33	4.73	49.85
115.39	4.73	49.49
115.34	4.73	48.96
115.21	4.73	48.35
115.04	4.74	47.80
114.77	4.74	47.65
114.51	4.74	47.87
114.39	4.74	48.28
114.51	4.74	48.85
115.08	4.74	49.65
116.55	4.73	50.84
118.22	4.73	52.03
119.93	4.73	53.10
121.53	4.72	53.93
122.39	4.72	53.76
122.91	4.72	53.21
123.15	4.71	52.44
123.14	4.71	51.54
122.81	4.70	50.67
122.07	4.70	50.00
121.20	4.69	49.42
120.32	4.69	48.95
119.52	4.69	48.63
119.23	4.69	48.74
119.28	4.69	49.12
119.42	4.70	49.55
119.59	4.70	49.96
119.69	4.70	50.19
119.58	4.71	49.92
119.36	4.71	49.53
119.03	4.71	49.05
118.58	4.72	48.52
117.90	4.72	47.98
116.80	4.72	47.45
115.66	4.72	47.01
114.59	4.72	46.68
113.65	4.72	46.52
113.27	4.72	46.83
113.40	4.72	47.55
113.68	4.72	48.36
114.03	4.71	49.17
114.38	4.71	49.89
114.34	4.70	49.94
114.17	4.70	49.76
113.91	4.70	49.49
113.59	4.69	49.16
113.20	4.69	48.85
112.62	4.68	48.73
112.06	4.68	48.68
111.56	4.67	48.73
111.20	4.67	48.90
111.17	4.67	49.35
111.49	4.67	50.05
111.97	4.67	50.79
112.56	4.67	51.50
113.23	4.67	52.06
113.94	4.68	52.23
114.64	4.68	52.25
115.32	4.68	52.14
115.93	4.68	51.92
116.34	4.68	51.55
116.54	4.68	51.08
116.64	4.69	50.59
116.65	4.69	50.13
116.57	4.69	49.74
116.29	4.69	49.65
115.96	4.69	49.70
115.68	4.69	49.86
115.50	4.69	50.12
115.63	4.69	50.52
116.24	4.69	51.10
116.93	4.69	51.66
117.63	4.69	52.13
118.23	4.69	52.45
118.36	4.70	52.16
118.29	4.70	51.63
118.06	4.70	50.99
117.69	4.70	50.30
117.19	4.70	49.64
116.52	4.70	49.14
115.80	4.70	48.74
115.09	4.70	48.47
114.43	4.71	48.36
113.98	4.71	48.63
113.70	4.71	49.14
113.50	4.72	49.74
113.41	4.72	50.39
113.44	4.73	50.98
113.62	4.73	51.44
113.83	4.74	51.82
114.01	4.74	52.11
114.14	4.74	52.29
113.93	4.75	52.12
113.54	4.75	51.77
113.10	4.75	51.40
112.66	4.76	51.07
112.27	4.76	50.85
112.06	4.76	51.13
111.96	4.76	51.57
111.98	4.76	52.09
112.15	4.76	52.66
112.56	4.76	53.22
113.27	4.75	53.74
114.05	4.75	54.19
114.84	4.75	54.53
115.59	4.75	54.71
116.05	4.74	54.48
116.41	4.74	54.10
116.66	4.74	53.62
116.79	4.73	53.07
116.75	4.73	52.50
116.53	4.73	51.97
116.24	4.72	51.48
115.91	4.72	51.06
115.60	4.72	50.74
115.36	4.72	50.69
115.19	4.73	50.79
115.12	4.74	50.99
115.16	4.74	51.28
115.47	4.75	51.67
116.11	4.76	52.15
116.80	4.76	52.62
117.46	4.77	53.03
118.03	4.77	53.31
118.12	4.78	53.12
117.98	4.79	52.73
117.71	4.79	52.27
117.33	4.80	51.81
116.89	4.80	51.45
116.37	4.80	51.37
115.86	4.80	51.38
115.42	4.80	51.48
115.09	4.80	51.66
115.19	4.80	52.00
115.48	4.80	52.41
115.82	4.79	52.83
116.15	4.79	53.21
116.33	4.78	53.43
116.26	4.78	53.41
116.08	4.78	53.34
115.82	4.77	53.23
115.48	4.77	53.12
115.00	4.77	53.12
114.43	4.76	53.19
113.86	4.76	53.31
113.32	4.76	53.47
112.86	4.76	53.67
112.77	4.76	54.00
112.74	4.77	54.34
112.73	4.78	54.67
112.70	4.78	54.96
112.51	4.79	55.08
112.19	4.79	55.06
111.76	4.80	54.99
111.22	4.80	54.89
110.57	4.81	54.77
109.54	4.81	54.67
108.41	4.82	54.59
107.30	4.82	54.55
106.31	4.82	54.55
105.61	4.83	54.65
105.65	4.83	55.02
105.84	4.83	55.38
106.08	4.84	55.69
106.27	4.84	55.88
106.02	4.84	55.62
105.37	4.84	54.98
104.62	4.85	54.26
103.84	4.85	53.53
103.07	4.85	52.87
102.43	4.85	52.62
101.92	4.85	52.57
101.58	4.85	52.66
101.45	4.85	52.87
101.78	4.85	53.24
102.70	4.85	53.81
103.74	4.84	54.39
104.80	4.84	54.90
105.75	4.83	55.29
105.97	4.83	55.15
105.79	4.82	54.72
105.50	4.82	54.18
105.18	4.82	53.61
104.96	4.81	53.10
105.18	4.81	52.95
105.51	4.81	52.85
105.92	4.80	52.77
106.37	4.80	52.67
106.88	4.80	52.43
107.40	4.80	52.08
107.87	4.79	51.72
108.24	4.79	51.37
108.49	4.79	51.04
108.21	4.79	50.76
107.78	4.79	50.56
107.31	4.79	50.45
106.89	4.78	50.46
106.65	4.78	50.69
106.78	4.78	51.25
107.05	4.78	51.88
107.44	4.78	52.54
107.96	4.78	53.17
108.70	4.78	53.53
109.52	4.78	53.76
110.33	4.78	53.89
111.09	4.78	53.92
111.67	4.78	53.84
111.74	4.78	53.54
111.71	4.78	53.20
111.61	4.78	52.86
111.52	4.78	52.57
111.59	4.78	52.49
111.87	4.78	52.67
112.18	4.78	52.90
112.50	4.79	53.11
112.80	4.79	53.27
113.04	4.79	53.14
113.20	4.80	52.93
113.27	4.80	52.65
113.22	4.80	52.32
112.89	4.80	51.96
112.27	4.81	51.57
111.58	4.81	51.20
110.88	4.81	50.86
110.24	4.82	50.59
109.98	4.82	50.53
109.90	4.82	50.58
109.87	4.83	50.67
109.85	4.83	50.78
109.79	4.83	50.85
109.57	4.84	50.79
109.30	4.84	50.72
108.96	4.84	50.63
108.54	4.85	50.54
107.96	4.85	50.43
107.16	4.85	50.30
106.36	4.85	50.23
105.64	4.85	50.23
105.03	4.85	50.34
104.84	4.85	50.74
104.94	4.85	51.33
105.18	4.85	52.00
105.50	4.85	52.68
105.87	4.84	53.34
106.22	4.84	53.89
106.56	4.84	54.36
106.85	4.83	54.72
107.08	4.83	54.94
107.10	4.83	54.87
106.80	4.82	54.38
106.47	4.82	53.82
106.19	4.82	53.29
106.00	4.81	52.86
106.34	4.81	53.03
107.04	4.81	53.63
107.78	4.80	54.28
108.46	4.80	54.89
109.00	4.80	55.35
108.63	4.79	54.80
108.02	4.79	54.01
107.32	4.79	53.17
106.64	4.78	52.42
106.10	4.78	51.90
106.23	4.78	52.52
106.53	4.77	53.32
106.96	4.77	54.20
107.49	4.76	55.05
107.99	4.74	55.49
108.45	4.72	55.50
108.97	4.70	55.40
109.58	4.68	55.27
110.36	4.65	55.28
111.41	4.63	55.62
112.49	4.61	55.95
113.53	4.59	56.19
114.45	4.57	56.29
114.91	4.55	55.69
115.15	4.52	54.85
115.22	4.50	53.92
115.14	4.48	52.96
114.91	4.46	52.07
114.51	4.43	51.68
114.03	4.41	51.40
113.50	4.39	51.21
112.95	4.37	51.07
112.47	4.35	50.97
112.15	4.34	50.84
111.85	4.33	50.73
111.57	4.32	50.65
111.28	4.31	50.58
111.00	4.31	50.55
110.69	4.31	50.54
110.33	4.31	50.51
109.89	4.32	50.45
109.33	4.32	50.33
108.39	4.32	49.99
107.38	4.32	49.62
106.36	4.32	49.24
105.37	4.33	48.87
104.50	4.33	48.57
103.92	4.33	48.45
103.47	4.34	48.38
103.14	4.35	48.36
102.93	4.35	48.38
102.88	4.36	48.55
102.94	4.36	48.76
103.08	4.37	48.91
103.26	4.38	48.94
103.43	4.38	48.62
103.55	4.39	47.80
103.67	4.39	46.87
103.77	4.40	45.91
103.86	4.40	44.99
103.80	4.41	44.41
103.66	4.41	44.14
103.58	4.41	44.01
103.61	4.42	44.01
103.84	4.42	44.12
104.73	4.43	44.42
105.74	4.43	44.77
106.78	4.43	45.13
107.74	4.44	45.46
108.33	4.44	45.59
108.56	4.44	45.56
108.63	4.45	45.47
108.54	4.45	45.33
108.33	4.45	45.16
107.88	4.46	44.86
107.38	4.46	44.60
106.88	4.47	44.44
106.44	4.48	44.44
106.19	4.48	44.83
106.26	4.49	45.80
106.46	4.49	46.87
106.77	4.50	47.93
107.19	4.51	48.87
107.78	4.51	49.23
108.43	4.52	49.32
109.08	4.53	49.24
109.69	4.53	49.03
110.10	4.54	48.69
110.33	4.55	48.27
110.47	4.55	47.82
110.52	4.56	47.39
110.48	4.56	47.01
110.30	4.57	46.83
110.08	4.57	46.76
109.87	4.57	46.79
109.71	4.58	46.92
109.73	4.58	47.28
109.92	4.58	47.79
110.18	4.58	48.33
110.47	4.58	48.84
110.81	4.59	49.21
111.19	4.59	49.32
111.52	4.59	49.32
111.75	4.59	49.23
111.82	4.59	49.06
111.41	4.59	48.78
110.75	4.60	48.44
109.96	4.60	48.08
109.10	4.60	47.75
108.24	4.61	47.47
107.47	4.61	47.34
106.77	4.63	47.29
106.18	4.64	47.31
105.72	4.65	47.41
105.67	4.66	47.71
105.91	4.67	48.14
106.22	4.68	48.57
106.52	4.69	48.97
106.74	4.70	49.28
106.32	4.71	49.11
105.79	4.72	48.84
105.23	4.73	48.53
104.69	4.74	48.24
104.33	4.75	48.08
104.39	4.75	48.27
104.55	4.75	48.51
104.78	4.75	48.78
105.03	4.75	49.04
105.21	4.74	49.13
105.34	4.74	49.12
105.42	4.74	49.05
105.44	4.74	48.94
105.40	4.74	48.79
105.04	4.74	48.55
104.61	4.74	48.29
104.22	4.74	48.07
103.94	4.74	47.92
103.89	4.74	47.89
104.47	4.74	48.28
105.19	4.73	48.71
105.99	4.73	49.11
106.78	4.73	49.42
107.30	4.73	49.28
107.63	4.72	48.82
107.87	4.72	48.29
108.05	4.72	47.74
108.19	4.71	47.26
108.31	4.71	47.18
108.42	4.70	47.20
108.52	4.70	47.31
108.61	4.70	47.48
108.70	4.70	47.67
108.80	4.71	47.87
108.94	4.72	48.10
109.11	4.74	48.36
109.35	4.75	48.64
109.84	4.77	49.02
110.38	4.78	49.40
110.89	4.80	49.77
111.34	4.82	50.08
111.55	4.83	50.23
111.39	4.85	50.13
111.13	4.86	50.00
110.81	4.87	49.88
110.48	4.88	49.81
110.16	4.89	49.95
109.91	4.89	50.26
109.79	4.88	50.66
109.86	4.88	51.15
110.33	4.88	51.80
111.39	4.87	52.67
112.58	4.87	53.50
113.80	4.86	54.21
114.93	4.85	54.71
115.49	4.85	54.47
115.80	4.84	53.93
115.98	4.83	53.24
116.05	4.83	52.49
116.05	4.83	51.84
116.00	4.83	51.38
115.96	4.84	51.01
115.96	4.84	50.76
116.04	4.85	50.64
116.47	4.87	50.94
116.97	4.88	51.32
117.50	4.89	51.70
118.01	4.91	52.01
118.41	4.92	51.89
118.70	4.94	51.54
118.89	4.95	51.13
118.94	4.97	50.68
118.80	4.98	50.35
118.39	4.99	50.29
117.84	5.00	50.27
117.18	5.01	50.24
116.45	5.02	50.19
115.65	5.02	49.90
114.82	5.02	49.43
114.02	5.02	48.99
113.28	5.01	48.63
112.65	5.01	48.44
112.43	5.00	48.90
112.32	4.99	49.50
112.25	4.98	50.17
112.19	4.97	50.84
112.04	4.96	51.35
111.60	4.95	51.34
111.10	4.94	51.25
110.56	4.93	51.12
109.99	4.93	51.00
109.40	4.92	50.97
108.77	4.91	51.22
108.20	4.91	51.54
107.73	4.91	51.93
107.39	4.90	52.37
107.34	4.90	52.86
107.60	4.91	53.40
108.01	4.91	53.94
108.52	4.91	54.44
109.10	4.91	54.88
109.65	4.92	55.11
110.21	4.92	55.25
110.76	4.92	55.33
111.29	4.92	55.37
111.74	4.93	55.39
112.00	4.93	55.43
112.24	4.93	55.46
112.48	4.93	55.47
112.74	4.93	55.48
113.13	4.93	55.51
113.63	4.93	55.57
114.18	4.93	55.59
114.75	4.93	55.55
115.34	4.93	55.42
116.00	4.92	55.10
116.62	4.92	54.69
117.15	4.92	54.21
117.56	4.92	53.66
117.63	4.91	53.00
117.43	4.91	52.27
117.12	4.91	51.57
116.74	4.90	50.94
116.36	4.90	50.45
116.11	4.91	50.30
115.89	4.91	50.31
115.70	4.92	50.45
115.57	4.92	50.71
115.46	4.93	51.09
115.40	4.93	51.59
115.42	4.93	52.13
115.55	4.94	52.69
115.83	4.94	53.24
116.42	4.95	53.74
117.09	4.95	54.18
117.80	4.96	54.52
118.49	4.96	54.74
119.04	4.97	54.69
119.49	4.97	54.49
119.83	4.98	54.20
120.06	4.98	53.82
120.05	4.99	53.34
119.83	4.99	52.82
119.52	5.00	52.31
119.16	5.00	51.86
118.80	5.01	51.54
118.57	5.02	51.56
118.36	5.02	51.69
118.18	5.03	51.92
118.03	5.04	52.22
118.00	5.05	52.55
118.03	5.05	52.90
118.01	5.06	53.25
117.92	5.07	53.58
117.71	5.07	53.89
117.00	5.08	54.05
116.15	5.09	54.16
115.23	5.09	54.24
114.31	5.10	54.32
113.44	5.10	54.39
112.80	5.10	54.41
112.27	5.10	54.48
111.88	5.09	54.64
111.66	5.09	54.93
111.75	5.08	55.56
112.18	5.07	56.59
112.72	5.05	57.66
113.28	5.04	58.70
113.81	5.02	59.61
114.02	5.01	59.90
114.05	4.99	59.88
113.98	4.98	59.71
113.81	4.96	59.43
113.54	4.95	59.10
113.05	4.94	58.82
112.53	4.92	58.57
112.03	4.91	58.37
111.60	4.91	58.26
111.37	4.90	58.35
111.38	4.91	58.65
111.52	4.91	59.07
111.79	4.92	59.59
112.19	4.93	60.22
112.87	4.93	61.12
113.59	4.94	62.01
114.29	4.94	62.80
114.88	4.95	63.40
115.11	4.95	63.43
115.00	4.95	62.94
114.75	4.96	62.25
114.42	4.96	61.41
114.03	4.97	60.51
113.81	4.98	59.78
113.58	4.99	59.08
113.33	5.00	58.43
113.05	5.01	57.84
112.69	5.02	57.37
112.21	5.03	57.08
111.73	5.04	56.87
111.31	5.05	56.71
110.97	5.06	56.58
110.93	5.07	56.48
111.05	5.09	56.38
111.23	5.10	56.27
111.44	5.11	56.12
111.58	5.12	55.84
111.59	5.13	55.34
111.56	5.14	54.84
111.51	5.15	54.41
111.43	5.16	54.09
111.25	5.17	54.13
111.02	5.17	54.51
110.85	5.18	55.01
110.78	5.18	55.56
110.88	5.18	56.14
111.60	5.18	56.67
112.46	5.17	57.12
113.34	5.16	57.45
114.15	5.16	57.62
114.58	5.15	57.33
114.64	5.14	56.66
114.54	5.13	55.89
114.31	5.13	55.09
114.01	5.12	54.37
113.67	5.11	54.13
113.31	5.10	54.03
112.95	5.09	54.05
112.61	5.08	54.17
112.33	5.08	54.37
112.15	5.08	54.62
112.05	5.09	54.95
112.03	5.09	55.35
112.11	5.10	55.81
112.51	5.10	56.45
113.01	5.11	57.14
113.51	5.11	57.82
113.93	5.12	58.45
114.15	5.12	58.95
113.85	5.12	59.15
113.44	5.13	59.25
112.94	5.13	59.28
112.43	5.13	59.25
111.99	5.13	59.14
111.67	5.13	59.00
111.43	5.13	58.91
111.32	5.13	58.93
111.36	5.13	59.10
111.80	5.12	59.87
112.39	5.11	60.78
113.05	5.10	61.73
113.75	5.09	62.64
114.38	5.09	63.24
114.92	5.08	63.53
115.40	5.07	63.73
115.80	5.06	63.85
116.08	5.05	63.98
116.21	5.05	64.20
116.23	5.04	64.39
116.12	5.03	64.54
115.90	5.02	64.64
115.47	5.01	64.57
114.89	5.01	64.39
114.23	5.00	64.18
113.52	4.99	63.99
112.79	4.98	63.84
112.05	4.98	63.86
111.36	4.97	64.01
110.75	4.96	64.24
110.29	4.95	64.55
110.05	4.94	64.98
110.36	4.93	65.69
110.79	4.92	66.40
111.25	4.91	67.04
111.65	4.90	67.54
111.66	4.89	67.52
111.43	4.88	67.19
111.06	4.87	66.72
110.59	4.86	66.16
110.04	4.84	65.58
109.32	4.83	65.21
108.59	4.82	64.90
107.90	4.81	64.62
107.31	4.80	64.39
106.93	4.79	64.22
107.01	4.79	64.19
107.21	4.79	64.17
107.46	4.78	64.12
107.70	4.78	64.00
107.73	4.79	63.64
107.62	4.79	63.12
107.45	4.79	62.53
107.21	4.80	61.90
106.93	4.80	61.25
106.42	4.80	60.60
105.91	4.80	59.97
105.47	4.81	59.41
105.18	4.81	58.95
105.21	4.81	58.69
105.80	4.81	58.79
106.53	4.80	58.96
107.32	4.80	59.12
108.09	4.80	59.23
108.48	4.80	58.90
108.65	4.80	58.34
108.72	4.80	57.71
108.71	4.80	57.08
108.63	4.80	56.48
108.50	4.80	56.16
108.34	4.79	56.02
108.17	4.79	55.97
108.01	4.79	56.00
107.87	4.79	56.12
107.84	4.79	56.34
107.91	4.79	56.65
108.02	4.79	56.97
108.14	4.79	57.30
108.27	4.79	57.59
108.40	4.79	57.70
108.52	4.79	57.74
108.62	4.79	57.73
108.69	4.79	57.69
108.72	4.79	57.64
108.63	4.80	57.65
108.49	4.80	57.67
108.31	4.81	57.68
108.13	4.82	57.66
107.94	4.83	57.62
107.72	4.84	57.41
107.52	4.86	57.17
107.40	4.87	56.96
107.38	4.88	56.81
107.53	4.90	56.80
108.13	4.91	57.25
108.83	4.92	57.76
109.56	4.94	58.28
110.27	4.95	58.73
110.81	4.96	58.97
110.99	4.97	58.74
111.07	4.99	58.39
111.06	5.00	57.98
111.00	5.01	57.54
110.87	5.01	57.17
110.68	5.02	56.92
110.53	5.02	56.74
110.44	5.02	56.64
110.45	5.02	56.63
110.82	5.02	56.86
111.46	5.03	57.28
112.17	5.03	57.72
112.88	5.03	58.12
113.52	5.04	58.43
113.71	5.04	58.21
113.72	5.04	57.79
113.66	5.04	57.32
113.56	5.05	56.87
113.47	5.05	56.50
113.50	5.05	56.58
113.61	5.05	56.86
113.81	5.05	57.27
114.11	5.05	57.76
114.55	5.05	58.34
115.38	5.04	59.00
116.29	5.03	59.68
117.23	5.02	60.34
118.14	5.01	60.94
118.84	5.01	61.34
119.30	5.00	61.54
119.65	4.99	61.65
119.90	4.98	61.68
120.05	4.97	61.65
120.11	4.96	61.59
120.09	4.95	61.50
120.00	4.94	61.42
119.85	4.93	61.36
119.66	4.93	61.35
119.40	4.93	61.51
119.12	4.93	61.72
118.84	4.93	61.99
118.58	4.94	62.29
118.45	4.94	62.64
118.46	4.94	63.03
118.46	4.95	63.41
118.42	4.95	63.75
118.31	4.95	64.05
117.81	4.96	64.11
117.15	4.96	64.06
116.46	4.96	63.99
115.81	4.97	63.93
115.24	4.97	63.93
115.30	4.97	64.29
115.45	4.98	64.71
115.60	4.98	65.11
115.66	4.98	65.44
115.43	4.98	65.58
114.49	4.99	65.24
113.45	4.99	64.84
112.39	4.99	64.43
111.41	4.99	64.08
110.84	5.00	64.05
110.73	5.00	64.35
110.76	5.00	64.74
110.87	5.00	65.15
111.02	5.01	65.53
111.03	5.01	65.58
111.01	5.01	65.58
110.96	5.02	65.55
110.86	5.02	65.51
110.61	5.02	65.55
110.21	5.02	65.67
109.83	5.02	65.83
109.50	5.02	65.99
109.30	5.02	66.15
109.55	5.02	66.29
109.92	5.02	66.42
110.38	5.01	66.54
110.87	5.01	66.65
111.30	5.00	66.78
111.64	5.00	66.91
111.91	4.99	67.02
112.11	4.99	67.11
112.19	4.98	67.15
112.02	4.98	67.07
111.60	4.97	66.87
111.13	4.97	66.67
110.68	4.96	66.53
110.30	4.96	66.46
110.26	4.95	66.76
110.38	4.95	67.20
110.58	4.94	67.63
110.83	4.94	68.02
111.12	4.93	68.13
111.41	4.93	67.92
111.68	4.93	67.60
111.89	4.92	67.21
112.04	4.92	66.79
111.97	4.92	66.51
111.77	4.91	66.28
111.49	4.91	66.05
111.12	4.91	65.83
110.68	4.90	65.61
110.10	4.90	65.38
109.48	4.89	65.15
108.87	4.89	64.90
108.30	4.89	64.63
107.87	4.89	64.34
107.67	4.88	64.04
107.49	4.88	63.70
107.31	4.88	63.30
107.09	4.88	62.85
106.64	4.88	62.18
106.08	4.88	61.43
105.45	4.88	60.67
104.76	4.88	59.92
104.01	4.88	59.23
103.13	4.87	58.81
102.21	4.87	58.52
101.33	4.88	58.30
100.53	4.88	58.12
99.86	4.88	57.96
99.59	4.88	57.75
99.53	4.88	57.51
99.59	4.89	57.28
99.71	4.89	57.05
99.86	4.89	56.81
99.89	4.90	56.55
99.90	4.90	56.29
99.88	4.90	56.05
99.84	4.91	55.84
99.74	4.91	55.65
99.43	4.91	55.48
99.07	4.92	55.37
98.73	4.92	55.32
98.47	4.92	55.36
98.31	4.93	55.51
98.54	4.93	55.96
98.93	4.93	56.52
99.40	4.94	57.11
99.93	4.94	57.68
100.45	4.95	58.14
100.87	4.95	58.22
101.27	4.95	58.24
101.67	4.96	58.24
102.05	4.96	58.28
102.38	4.96	58.43
102.53	4.97	58.93
102.72	4.97	59.52
103.00	4.97	60.15
103.43	4.98	60.82
104.17	4.98	61.51
105.63	4.99	62.25
107.17	4.99	62.91
108.65	4.99	63.43
109.97	5.00	63.76
110.60	5.00	63.55
110.70	5.01	62.94
110.53	5.01	62.19
110.17	5.01	61.37
109.67	5.02	60.56
109.05	5.02	60.10
108.40	5.02	59.77
107.80	5.02	59.51
107.31	5.02	59.33
107.12	5.02	59.26
107.46	5.01	59.31
107.90	5.00	59.38
108.38	4.99	59.42
108.82	4.98	59.38
108.86	4.96	58.99
108.72	4.95	58.45
108.46	4.94	57.86
108.09	4.93	57.26
107.64	4.91	56.67
106.98	4.90	56.23
106.31	4.89	55.87
105.68	4.88	55.60
105.15	4.87	55.45
104.89	4.87	55.49
105.09	4.88	55.83
105.41	4.88	56.24
105.79	4.89	56.68
106.17	4.90	57.09
106.32	4.91	57.18
106.33	4.91	57.12
106.29	4.92	57.02
106.21	4.92	56.92
106.10	4.93	56.87
105.83	4.93	57.04
105.57	4.93	57.32
105.41	4.93	57.66
105.42	4.93	58.03
105.77	4.94	58.48
106.86	4.94	59.07
108.08	4.94	59.62
109.31	4.94	60.04
110.44	4.94	60.28
110.96	4.94	59.96
111.08	4.94	59.28
111.00	4.94	58.45
110.77	4.94	57.55
110.42	4.94	56.65
109.93	4.94	55.99
109.44	4.94	55.42
109.01	4.94	54.98
108.70	4.94	54.69
108.82	4.94	54.76
109.39	4.94	55.18
110.06	4.93	55.68
110.74	4.93	56.15
111.35	4.92	56.53
111.44	4.92	56.27
111.33	4.91	55.81
111.07	4.91	55.24
110.67	4.91	54.61
110.14	4.90	53.97
109.26	4.90	53.40
108.34	4.90	52.93
107.48	4.89	52.60
106.77	4.89	52.46
106.31	4.90	52.57
106.72	4.90	53.49
107.36	4.91	54.57
108.14	4.93	55.70
108.99	4.94	56.77
109.79	4.95	57.54
110.42	4.96	57.79
110.97	4.97	57.86
111.42	4.98	57.77
111.75	5.00	57.56
111.84	5.01	57.24
111.80	5.02	56.86
111.64	5.03	56.43
111.36	5.04	56.00
110.80	5.06	55.61
110.17	5.07	55.27
109.59	5.08	55.00
109.12	5.09	54.85
109.23	5.11	55.07
109.67	5.12	55.48
110.19	5.13	55.91
110.71	5.14	56.28
111.07	5.15	56.41
110.92	5.17	55.86
110.63	5.18	55.22
110.27	5.19	54.57
109.86	5.19	54.03
109.40	5.20	53.94
108.95	5.20	54.24
108.60	5.20	54.69
108.41	5.19	55.23
108.57	5.19	55.82
109.31	5.18	56.40
110.20	5.18	56.96
111.13	5.17	57.45
112.03	5.16	57.84
112.50	5.16	57.91
112.74	5.15	57.81
112.82	5.15	57.61
112.74	5.14	57.34
112.52	5.13	57.02
112.01	5.13	56.74
111.41	5.12	56.46
110.78	5.11	56.19
110.15	5.11	55.96
109.71	5.10	55.83
109.51	5.10	55.83
109.36	5.10	55.85
109.21	5.10	55.87
109.03	5.10	55.88
108.64	5.10	55.70
108.17	5.10	55.48
107.65	5.09	55.25
107.09	5.09	55.04
106.50	5.09	54.85
105.77	5.09	54.79
105.04	5.09	54.79
104.39	5.09	54.85
103.84	5.08	54.96
103.49	5.08	55.15
103.64	5.08	55.54
103.92	5.07	55.94
104.26	5.06	56.27
104.61	5.06	56.50
104.75	5.05	56.28
104.74	5.04	55.78
104.67	5.04	55.21
104.56	5.03	54.67
104.40	5.02	54.22
104.06	5.02	54.21
103.76	5.01	54.36
103.55	5.00	54.64
103.49	5.00	55.04
103.89	4.99	55.65
104.67	4.99	56.40
105.56	4.98	57.16
106.48	4.98	57.86
107.29	4.98	58.36
107.81	4.97	58.47
108.22	4.97	58.43
108.52	4.97	58.29
108.73	4.97	58.06
108.78	4.97	57.77
108.74	4.97	57.46
108.64	4.98	57.16
108.50	4.99	56.93
108.35	5.00	56.86
108.17	5.01	57.04
108.05	5.03	57.32
108.03	5.05	57.68
108.13	5.06	58.10
108.67	5.08	58.61
109.42	5.10	59.15
110.21	5.11	59.64
110.98	5.13	60.06
111.56	5.15	60.31
111.81	5.16	60.30
111.93	5.18	60.15
111.90	5.20	59.87
111.75	5.21	59.48
111.28	5.22	58.77
110.71	5.23	57.99
110.17	5.24	57.25
109.71	5.24	56.63
109.60	5.24	56.43
109.99	5.24	56.83
110.49	5.24	57.35
111.01	5.24	57.89
111.46	5.24	58.35
111.43	5.23	58.20
111.26	5.23	57.87
111.01	5.23	57.46
110.71	5.23	57.00
110.46	5.23	56.61
110.27	5.24	56.33
110.10	5.25	56.10
109.94	5.24	55.95
109.80	5.22	55.87
109.65	5.16	55.96
109.53	5.08	56.15
109.44	4.98	56.39
109.38	4.87	56.67
109.40	4.75	56.98
109.48	4.61	57.31
109.59	4.47	57.61
109.72	4.32	57.86
109.85	4.17	58.04
109.91	4.02	57.91
109.98	3.88	57.74
110.04	3.74	57.57
110.12	3.59	57.45
110.26	3.44	57.59
110.42	3.29	57.90
110.58	3.14	58.27
110.73	3.01	58.68
110.83	2.87	59.08
110.81	2.74	59.39
110.81	2.64	59.71
110.83	2.57	60.02
110.90	2.54	60.34
111.21	2.62	60.68
111.60	2.75	61.03
112.01	2.90	61.37
112.42	3.08	61.69
112.76	3.23	61.94
113.00	3.37	62.13
113.22	3.51	62.33
113.43	3.65	62.57
113.65	3.80	62.89
113.88	3.95	63.40
114.13	4.11	63.95
114.42	4.26	64.49
114.76	4.42	65.00
115.34	4.58	65.35
115.92	4.73	65.64
116.44	4.88	65.90
116.85	5.02	66.13
116.85	5.15	66.34
116.58	5.28	66.54
116.21	5.39	66.74
115.80	5.48	66.96
115.43	5.54	67.22
115.26	5.56	67.59
115.14	5.56	67.96
115.08	5.55	68.33
115.07	5.53	68.67
115.28	5.52	68.90
115.52	5.52	69.08
115.72	5.51	69.20
115.82	5.50	69.26
115.64	5.50	69.24
115.01	5.49	69.13
114.27	5.48	68.99
113.50	5.47	68.85
112.74	5.47	68.74
112.22	5.46	68.73
111.82	5.45	68.79
111.52	5.45	68.90
111.31	5.44	69.09
111.28	5.43	69.41
111.40	5.42	69.84
111.57	5.41	70.30
111.74	5.40	70.76
111.87	5.39	71.18
111.66	5.37	71.35
111.41	5.36	71.48
111.20	5.35	71.61
111.05	5.34	71.77
111.22	5.33	72.10
111.66	5.32	72.60
112.15	5.31	73.09
112.63	5.30	73.53
112.97	5.29	73.83
112.99	5.28	73.86
112.88	5.27	73.76
112.66	5.26	73.55
112.33	5.25	73.23
111.76	5.24	72.74
111.09	5.23	72.16
110.46	5.22	71.58
109.95	5.22	71.05
109.80	5.22	70.73
110.20	5.23	70.77
110.74	5.23	70.86
111.33	5.24	70.96
111.89	5.25	71.00
112.07	5.26	70.72
112.05	5.27	70.27
111.94	5.28	69.73
111.75	5.29	69.14
111.48	5.29	68.51
111.04	5.30	67.81
110.65	5.30	67.17
110.40	5.30	66.62
110.35	5.30	66.22
111.03	5.30	66.40
111.99	5.30	66.76
113.05	5.30	67.13
114.13	5.30	67.42
114.95	5.31	67.22
115.50	5.31	66.56
115.90	5.31	65.80
116.14	5.31	64.99
116.16	5.31	64.26
115.83	5.31	63.84
115.42	5.31	63.50
114.98	5.31	63.24
114.60	5.31	63.06
114.69	5.31	63.02
114.86	5.31	63.03
115.05	5.30	63.04
115.21	5.30	63.03
115.13	5.30	62.84
114.92	5.29	62.56
114.61	5.29	62.26
114.20	5.29	61.95
113.70	5.28	61.69
113.09	5.28	61.55
112.42	5.28	61.44
111.72	5.28	61.34
111.01	5.28	61.23
110.31	5.28	61.05
109.65	5.28	60.83
109.05	5.29	60.62
108.54	5.29	60.46
108.20	5.30	60.40
108.15	5.30	60.54
108.18	5.31	60.72
108.23	5.31	60.91
108.26	5.31	61.07
108.09	5.32	61.07
107.69	5.32	60.91
107.24	5.33	60.71
106.78	5.33	60.52
106.32	5.33	60.34
105.91	5.33	60.27
105.57	5.34	60.27
105.31	5.34	60.33
105.16	5.34	60.47
105.19	5.34	60.73
105.52	5.34	61.17
105.94	5.35	61.64
106.41	5.35	62.11
106.89	5.35	62.55
107.27	5.35	62.79
107.56	5.35	62.90
107.79	5.36	62.92
107.94	5.36	62.86
108.00	5.36	62.74
107.72	5.36	62.39
107.40	5.36	62.04
107.13	5.36	61.76
106.97	5.36	61.61
107.23	5.36	61.94
107.90	5.36	62.71
108.67	5.37	63.56
109.46	5.37	64.39
110.20	5.37	65.08
110.61	5.37	65.11
110.88	5.37	64.96
111.00	5.37	64.67
110.97	5.37	64.28
110.64	5.37	63.84
110.00	5.38	63.36
109.30	5.38	62.93
108.62	5.38	62.57
108.04	5.39	62.34
108.07	5.39	62.62
108.22	5.40	63.02
108.44	5.40	63.48
108.66	5.41	63.94
108.74	5.41	64.22
108.65	5.42	64.30
108.47	5.42	64.29
108.19	5.43	64.20
107.82	5.43	64.02
107.18	5.44	63.64
106.43	5.44	63.19
105.69	5.44	62.74
105.00	5.44	62.35
104.48	5.43	62.10
104.47	5.41	62.30
104.58	5.38	62.61
104.76	5.34	62.97
104.95	5.30	63.35
105.04	5.26	63.66
104.84	5.22	63.72
104.58	5.18	63.74
104.29	5.14	63.74
104.01	5.10	63.74
103.75	5.06	63.80
103.56	5.02	63.94
103.42	4.98	64.11
103.34	4.94	64.30
103.33	4.90	64.50
103.51	4.85	64.74
103.81	4.81	65.00
104.16	4.77	65.24
104.54	4.73	65.46
104.90	4.69	65.63
105.13	4.65	65.64
105.33	4.61	65.62
105.53	4.58	65.59
105.72	4.57	65.56
105.93	4.59	65.62
106.15	4.65	65.75
106.40	4.71	65.89
106.66	4.79	66.04
106.98	4.87	66.18
107.40	4.94	66.29
107.83	5.00	66.38
108.24	5.07	66.42
108.61	5.12	66.41
108.89	5.17	66.28
109.07	5.20	66.06
109.17	5.24	65.81
109.18	5.26	65.55
109.03	5.28	65.29
108.58	5.28	65.02
108.11	5.28	64.82
107.72	5.28	64.72
107.46	5.27	64.75
107.83	5.27	65.17
108.53	5.27	65.80
109.33	5.27	66.51
110.15	5.27	67.22
110.92	5.27	67.89
111.56	5.27	68.44
111.98	5.27	68.83
112.09	5.27	68.99
111.83	5.27	68.86